AA	AT	AC	AG	TA	TT	TC	TG	CA	CT	CC	CG	GA	GT	GC	GG	
0:5000		0.0442088417684	0.0404080816163	0.0520104020804	0.0674134826965	0.0364072814563	0.0492098419684	0.0522104420884	0.0748149629926	0.0452090418084	0.0596119223845	0.0428085617123	0.0974194838968	0.0780156031206	0.0634126825365	0.0982196439288	0.0986197239448
2500:7500		0.0442088417684	0.0406081216243	0.0552110422084	0.0666133226645	0.0374074814963	0.0516103220644	0.0530106021204	0.0716143228646	0.0454090818164	0.0602120424085	0.0440088017604	0.100220044009	0.0796159231846	0.0612122424485	0.0976195239048	0.0914182836567
5000:10000		0.0448089617924	0.0408081616323	0.0612122424485	0.0562112422484	0.0392078415683	0.0612122424485	0.0526105221044	0.0744148829766	0.0408081616323	0.0644128825765	0.0498099619924	0.0952190438088	0.0784156831366	0.0610122024405	0.0866173234647	0.0932186437287
7500:12500		0.0478095619124	0.0426085217043	0.0572114422885	0.0548109621924	0.0386077215443	0.0588117623525	0.0514102820564	0.0792158431686	0.0418083616723	0.0664132826565	0.0434086817363	0.0914182836567	0.0744148829766	0.0602120424085	0.0910182036407	0.100820164033
10000:15000		0.0398079615923	0.0432086417283	0.0484096819364	0.0536107221444	0.0364072814563	0.0516103220644	0.0548109621924	0.0806161232246	0.0392078415683	0.0664132826565	0.0456091218244	0.101220244049	0.0694138827766	0.0622124424885	0.103620724145	0.103820764153
12500:17500		0.0330066013203	0.0406081216243	0.0520104020804	0.0476095219044	0.0366073214643	0.0556111222244	0.0530106021204	0.0806161232246	0.0394078815763	0.0622124424885	0.0550110022004	0.104020804161	0.0642128425685	0.0672134426885	0.100820164033	0.108021604321
15000:20000		0.0338067613523	0.0438087617524	0.0550110022004	0.0502100420084	0.0378075615123	0.0610122024405	0.0536107221444	0.0758151630326	0.0448089617924	0.0562112422484	0.0488097619524	0.103020604121	0.0666133226645	0.0672134426885	0.0952190438088	0.107021404281
17500:22500		0.0346069213843	0.0450090018004	0.0608121624325	0.0468093618724	0.0430086017203	0.0602120424085	0.0566113222645	0.0736147229446	0.0456091218244	0.0594118823765	0.0388077615523	0.101220244049	0.0640128025605	0.0688137627526	0.0888177635527	0.112622524505
20000:25000		0.0306061212242	0.0396079215843	0.0570114022805	0.0420084016803	0.0428085617123	0.0586117223445	0.0534106821364	0.0780156031206	0.0390078015603	0.0574114822965	0.0412082416483	0.108421684337	0.0568113622725	0.0772154430886	0.0944188837768	0.123424684937
22500:27500		0.0328065613123	0.0380076015203	0.0508101620324	0.0476095219044	0.0372074414883	0.0588117623525	0.0520104020804	0.0768153630726	0.0370074014803	0.0534106821364	0.0438087617524	0.111422284457	0.0622124424885	0.0746149229846	0.0992198439688	0.124224844969
25000:30000		0.0378075615123	0.0384076815363	0.0506101220244	0.0572114422885	0.0384076815363	0.0588117623525	0.0534106821364	0.0722144428886	0.0450090018004	0.0574114822965	0.0544108821764	0.101020204041	0.0628125625125	0.0684136827365	0.0994198839768	0.104620924185
27500:32500		0.0416083216643	0.0364072814563	0.0494098819764	0.0642128425685	0.0394078815763	0.0538107621524	0.0546109221844	0.0678135627125	0.0502100420084	0.0574114822965	0.0692138427686	0.0984196839368	0.0606121224245	0.0680136027205	0.101820364073	0.0870174034807
30000:35000		0.0466093218644	0.0364072814563	0.0560112022404	0.0660132026405	0.0370074014803	0.0462092418484	0.0554110822164	0.0680136027205	0.0528105621124	0.0572114422885	0.0696139227846	0.0960192038408	0.0686137227445	0.0668133626725	0.0946189237848	0.0826165233047
32500:37500		0.0486097219444	0.0386077215443	0.0614122824565	0.0614122824565	0.0366073214643	0.0468093618724	0.0534106821364	0.0694138827766	0.0552110422084	0.0562112422484	0.0686137227445	0.0932186437287	0.0696139227846	0.0646129225845	0.0900180036007	0.0862172434487
35000:40000		0.0516103220644	0.0352070414083	0.0618123624725	0.0614122824565	0.0368073614723	0.0464092818564	0.0522104420884	0.0630126025205	0.0520104020804	0.0562112422484	0.0652130426085	0.101420284057	0.0696139227846	0.0606121224245	0.0956191238248	0.0908181636327
37500:42500		0.0504100820164	0.0316063212643	0.0602120424085	0.0596119223845	0.0360072014403	0.0444088817764	0.0550110022004	0.0624124824965	0.0466093218644	0.0580116023205	0.0616123224645	0.112222444489	0.0688137627526	0.0638127625525	0.101420284057	0.0878175635127
40000:45000		0.0526105221044	0.0334066813363	0.0578115623125	0.0610122024405	0.0380076015203	0.0432086417283	0.0542108421684	0.0626125225045	0.0494098819764	0.0564112822565	0.0572114422885	0.108021604321	0.0648129625925	0.0650130026005	0.101820364073	0.0944188837768
42500:47500		0.0540108021604	0.0352070414083	0.0572114422885	0.0642128425685	0.0350070014003	0.0426085217043	0.0514102820564	0.0608121624325	0.0518103620724	0.0564112822565	0.0558111622324	0.102620524105	0.0698139627926	0.0556111222244	0.102220444089	0.105221044209
45000:50000		0.0476095219044	0.0390078015603	0.0574114822965	0.0622124424885	0.0326065213043	0.0468093618724	0.0516103220644	0.0652130426085	0.0488097619524	0.0558111622324	0.0540108021604	0.105421084217	0.0772154430886	0.0546109221844	0.101220244049	0.100420084017
47500:52500		0.0382076415283	0.0428085617123	0.0604120824165	0.0580116023205	0.0370074014803	0.0490098019604	0.0520104020804	0.0682136427285	0.0468093618724	0.0530106021204	0.0512102420484	0.108021604321	0.0774154830966	0.0614122824565	0.0954190838168	0.101020204041
50000:55000		0.0410082016403	0.0398079615923	0.0646129225845	0.0544108821764	0.0394078815763	0.0484096819364	0.0510102020404	0.0654130826165	0.0470094018804	0.0530106021204	0.0598119623925	0.105021004201	0.0724144828966	0.0628125625125	0.0896179235847	0.106221244249
52500:57500		0.0518103620724	0.0332066413283	0.0640128025605	0.0590118023605	0.0396079215843	0.0456091218244	0.0510102020404	0.0646129225845	0.0440088017604	0.0568113622725	0.0606121224245	0.101220244049	0.0728145629126	0.0652130426085	0.0868173634727	0.103620724145
55000:60000		0.0490098019604	0.0330066013203	0.0628125625125	0.0598119623925	0.0406081216243	0.0442088417684	0.0508101620324	0.0692138427686	0.0432086417283	0.0614122824565	0.0546109221844	0.100420084017	0.0716143228646	0.0662132426485	0.0916183236647	0.101420284057
57500:62500		0.0438087617524	0.0404080816163	0.0546109221844	0.0602120424085	0.0400080016003	0.0494098819764	0.0466093218644	0.0812162432486	0.0448089617924	0.0582116423285	0.0512102420484	0.0938187637528	0.0702140428086	0.0692138427686	0.0956191238248	0.100620124025
60000:65000		0.0464092818564	0.0452090418084	0.0464092818564	0.0666133226645	0.0394078815763	0.0562112422484	0.0490098019604	0.0822164432887	0.0496099219844	0.0528105621124	0.0576115223045	0.0832166433287	0.0692138427686	0.0726145229046	0.0902180436087	0.0932186437287
62500:67500		0.0384076815363	0.0412082416483	0.0428085617123	0.0666133226645	0.0394078815763	0.0562112422484	0.0596119223845	0.0764152830566	0.0490098019604	0.0572114422885	0.0650130026005	0.0852170434087	0.0624124824965	0.0770154030806	0.0888177635527	0.0946189237848
65000:70000		0.0328065613123	0.0380076015203	0.0482096419284	0.0588117623525	0.0380076015203	0.0544108821764	0.0658131626325	0.0752150430086	0.0522104420884	0.0590118023605	0.0638127625525	0.0958191638328	0.0546109221844	0.0820164032807	0.0930186037207	0.0882176435287
67500:72500		0.0374074814963	0.0376075215043	0.0574114822965	0.0544108821764	0.0398079615923	0.0528105621124	0.0582116423285	0.0716143228646	0.0580116023205	0.0568113622725	0.0654130826165	0.0988197639528	0.0518103620724	0.0752150430086	0.0978195639128	0.0868173634727
70000:75000		0.0410082016403	0.0364072814563	0.0614122824565	0.0506101220244	0.0412082416483	0.0480096019204	0.0590118023605	0.0682136427285	0.0630126025205	0.0588117623525	0.0686137227445	0.0990198039608	0.0442088417684	0.0730146029206	0.100620124025	0.0868173634727
72500:77500		0.0402312695736	0.0344495302337	0.0698626836907	0.0590219224283	0.0397494579619	0.0423994218261	0.0563719585642	0.0640809443508	0.0874488075163	0.0534810888942	0.0710672127198	0.0939532642737	0.0361358708745	0.072271741749	0.108648518429	0.070826306914
