AA	AT	AC	AG	TA	TT	TC	TG	CA	CT	CC	CG	GA	GT	GC	GG	
0:5000		0.0442088417684	0.0406081216243	0.0522104420884	0.0674134826965	0.0366073214643	0.0486097219444	0.0520104020804	0.0748149629926	0.0454090818164	0.0592118423685	0.0432086417283	0.0974194838968	0.0780156031206	0.0636127225445	0.0980196039208	0.0986197239448
2500:7500		0.0444088817764	0.0406081216243	0.0556111222244	0.0664132826565	0.0376075215043	0.0510102020404	0.0532106421284	0.0704140828166	0.0458091618324	0.0592118423685	0.0456091218244	0.101220244049	0.0792158431686	0.0614122824565	0.0974194838968	0.0908181636327
5000:10000		0.0450090018004	0.0408081616323	0.0614122824565	0.0560112022404	0.0394078815763	0.0606121224245	0.0530106021204	0.0734146829366	0.0410082016403	0.0640128025605	0.0510102020404	0.0958191638328	0.0780156031206	0.0610122024405	0.0864172834567	0.0930186037207
7500:12500		0.0480096019204	0.0428085617123	0.0572114422885	0.0546109221844	0.0386077215443	0.0588117623525	0.0514102820564	0.0794158831766	0.0418083616723	0.0666133226645	0.0432086417283	0.0912182436487	0.0744148829766	0.0600120024005	0.0910182036407	0.100820164033
10000:15000		0.0398079615923	0.0424084816963	0.0492098419684	0.0534106821364	0.0358071614323	0.0524104820964	0.0548109621924	0.0816163232647	0.0396079215843	0.0668133626725	0.0450090018004	0.100620124025	0.0694138827766	0.0630126025205	0.103020604121	0.103020604121
12500:17500		0.0332066413283	0.0392078415683	0.0526105221044	0.0478095619124	0.0362072414483	0.0560112022404	0.0528105621124	0.0810162032406	0.0394078815763	0.0628125625125	0.0548109621924	0.103820764153	0.0640128025605	0.0678135627125	0.100820164033	0.107621524305
15000:20000		0.0346069213843	0.0434086817363	0.0558111622324	0.0502100420084	0.0382076415283	0.0608121624325	0.0538107621524	0.0748149629926	0.0450090018004	0.0570114022805	0.0492098419684	0.102820564113	0.0664132826565	0.0664132826565	0.0950190038008	0.106421284257
17500:22500		0.0346069213843	0.0444088817764	0.0622124424885	0.0470094018804	0.0428085617123	0.0600120024005	0.0570114022805	0.0728145629126	0.0464092818564	0.0592118423685	0.0392078415683	0.101620324065	0.0644128825765	0.0690138027606	0.0880176035207	0.111222244449
20000:25000		0.0296059211842	0.0392078415683	0.0572114422885	0.0428085617123	0.0426085217043	0.0584116823365	0.0532106421284	0.0770154030806	0.0396079215843	0.0568113622725	0.0416083216643	0.109421884377	0.0570114022805	0.0768153630726	0.0954190838168	0.123224644929
22500:27500		0.0326065213043	0.0378075615123	0.0508101620324	0.0474094818964	0.0366073214643	0.0592118423685	0.0508101620324	0.0778155631126	0.0368073614723	0.0528105621124	0.0446089217844	0.111422284457	0.0626125225045	0.0746149229846	0.0996199239848	0.124424884977
25000:30000		0.0378075615123	0.0386077215443	0.0500100020004	0.0560112022404	0.0372074414883	0.0588117623525	0.0534106821364	0.0742148429686	0.0444088817764	0.0574114822965	0.0544108821764	0.100820164033	0.0630126025205	0.0690138027606	0.0992198439688	0.105621124225
27500:32500		0.0410082016403	0.0370074014803	0.0472094418884	0.0634126825365	0.0376075215043	0.0534106821364	0.0562112422484	0.0694138827766	0.0492098419684	0.0582116423285	0.0698139627926	0.0974194838968	0.0608121624325	0.0680136027205	0.101220244049	0.0900180036007
30000:35000		0.0462092418484	0.0374074814963	0.0538107621524	0.0646129225845	0.0348069613923	0.0472094418884	0.0556111222244	0.0704140828166	0.0520104020804	0.0566113222645	0.0722144428886	0.0948189637928	0.0690138027606	0.0668133626725	0.0940188037608	0.0844168833767
32500:37500		0.0484096819364	0.0400080016003	0.0598119623925	0.0606121224245	0.0360072014403	0.0478095619124	0.0532106421284	0.0696139227846	0.0548109621924	0.0548109621924	0.0698139627926	0.0940188037608	0.0694138827766	0.0640128025605	0.0908181636327	0.0868173634727
35000:40000		0.0522104420884	0.0362072414483	0.0608121624325	0.0618123624725	0.0362072414483	0.0452090418084	0.0520104020804	0.0620124024805	0.0530106021204	0.0548109621924	0.0666133226645	0.101420284057	0.0694138827766	0.0592118423685	0.0964192838568	0.0926185237047
37500:42500		0.0512102420484	0.0326065213043	0.0612122424485	0.0592118423685	0.0354070814163	0.0430086017203	0.0542108421684	0.0616123224645	0.0480096019204	0.0568113622725	0.0640128025605	0.111422284457	0.0694138827766	0.0618123624725	0.101020204041	0.0890178035607
40000:45000		0.0540108021604	0.0338067613523	0.0592118423685	0.0620124024805	0.0394078815763	0.0434086817363	0.0534106821364	0.0614122824565	0.0494098819764	0.0560112022404	0.0578115623125	0.106221244249	0.0662132426485	0.0644128825765	0.0990198039608	0.0942188437688
42500:47500		0.0556111222244	0.0350070014003	0.0576115223045	0.0646129225845	0.0354070814163	0.0416083216643	0.0506101220244	0.0606121224245	0.0520104020804	0.0554110822164	0.0552110422084	0.102820564113	0.0698139627926	0.0564112822565	0.101820364073	0.105421084217
45000:50000		0.0480096019204	0.0378075615123	0.0592118423685	0.0610122024405	0.0320064012803	0.0462092418484	0.0510102020404	0.0648129625925	0.0492098419684	0.0554110822164	0.0552110422084	0.107021404281	0.0770154030806	0.0544108821764	0.101420284057	0.100220044009
47500:52500		0.0388077615523	0.0416083216643	0.0606121224245	0.0578115623125	0.0372074414883	0.0506101220244	0.0516103220644	0.0668133626725	0.0458091618324	0.0536107221444	0.0536107221444	0.108421684337	0.0770154030806	0.0604120824165	0.0958191638328	0.100220044009
50000:55000		0.0408081616323	0.0408081616323	0.0642128425685	0.0538107621524	0.0394078815763	0.0488097619524	0.0508101620324	0.0656131226245	0.0462092418484	0.0534106821364	0.0596119223845	0.105021004201	0.0732146429286	0.0618123624725	0.0896179235847	0.106821364273
52500:57500		0.0506101220244	0.0348069613923	0.0640128025605	0.0584116823365	0.0406081216243	0.0466093218644	0.0520104020804	0.0644128825765	0.0436087217443	0.0570114022805	0.0590118023605	0.100820164033	0.0730146029206	0.0652130426085	0.0856171234247	0.104220844169
55000:60000		0.0486097219444	0.0332066413283	0.0600120024005	0.0612122424485	0.0394078815763	0.0460092018404	0.0530106021204	0.0700140028006	0.0440088017604	0.0604120824165	0.0526105221044	0.0982196439288	0.0708141628326	0.0688137627526	0.0898179635927	0.103820764153
57500:62500		0.0460092018404	0.0420084016803	0.0524104820964	0.0636127225445	0.0378075615123	0.0488097619524	0.0496099219844	0.0804160832166	0.0486097219444	0.0578115623125	0.0488097619524	0.0906181236247	0.0716143228646	0.0678135627125	0.0952190438088	0.0988197639528
60000:65000		0.0460092018404	0.0438087617524	0.0420084016803	0.0662132426485	0.0394078815763	0.0580116023205	0.0516103220644	0.0836167233447	0.0450090018004	0.0542108421684	0.0528105621124	0.0876175235047	0.0676135227045	0.0764152830566	0.0934186837367	0.0922184436887
62500:67500		0.0354070814163	0.0376075215043	0.0386077215443	0.0640128025605	0.0376075215043	0.0596119223845	0.0600120024005	0.0832166433287	0.0418083616723	0.0564112822565	0.0594118823765	0.0910182036407	0.0608121624325	0.0868173634727	0.0908181636327	0.0968193638728
65000:70000		0.0332066413283	0.0370074014803	0.0492098419684	0.0578115623125	0.0362072414483	0.0528105621124	0.0670134026805	0.0778155631126	0.0526105221044	0.0604120824165	0.0624124824965	0.0956191238248	0.0552110422084	0.0836167233447	0.0926185237047	0.0864172834567
67500:72500		0.0400080016003	0.0366073214643	0.0602120424085	0.0528105621124	0.0402080416083	0.0514102820564	0.0594118823765	0.0708141628326	0.0590118023605	0.0596119223845	0.0668133626725	0.0966193238648	0.0504100820164	0.0742148429686	0.0956191238248	0.0862172434487
70000:75000		0.0390078015603	0.0358071614323	0.0606121224245	0.0512102420484	0.0420084016803	0.0522104420884	0.0560112022404	0.0706141228246	0.0610122024405	0.0592118423685	0.0666133226645	0.0984196839368	0.0446089217844	0.0738147629526	0.101820364073	0.0870174034807
72500:77500		0.0380374862183	0.0350055126792	0.0713891951488	0.0581587651599	0.0402425578831	0.0449283351709	0.0551267916207	0.0620176405733	0.085170893054	0.0545755237045	0.0686328555678	0.0975744211687	0.0388643880926	0.0678059536935	0.111080485116	0.0713891951488
