AA	AT	AC	AG	TA	TT	TC	TG	CA	CT	CC	CG	GA	GT	GC	GG	
0:5000		0.0460092018404	0.0416083216643	0.0498099619924	0.0654130826165	0.0336067213443	0.0548109621924	0.0524104820964	0.0802160432086	0.0422084416883	0.0584116823365	0.0396079215843	0.0932186437287	0.0810162032406	0.0662132426485	0.0916183236647	0.103820764153
2500:7500		0.0496099219844	0.0400080016003	0.0566113222645	0.0650130026005	0.0354070814163	0.0498099619924	0.0550110022004	0.0714142828566	0.0464092818564	0.0598119623925	0.0438087617524	0.100220044009	0.0800160032006	0.0618123624725	0.0948189637928	0.0902180436087
5000:10000		0.0472094418884	0.0426085217043	0.0588117623525	0.0556111222244	0.0388077615523	0.0558111622324	0.0568113622725	0.0710142028406	0.0418083616723	0.0608121624325	0.0482096419284	0.100820164033	0.0766153230646	0.0632126425285	0.0878175635127	0.0940188037608
7500:12500		0.0474094818964	0.0424084816963	0.0534106821364	0.0564112822565	0.0358071614323	0.0594118823765	0.0556111222244	0.0740148029606	0.0436087217443	0.0594118823765	0.0416083216643	0.0984196839368	0.0730146029206	0.0636127225445	0.0924184836967	0.103420684137
10000:15000		0.0420084016803	0.0418083616723	0.0458091618324	0.0556111222244	0.0318063612723	0.0630126025205	0.0546109221844	0.0808161632326	0.0426085217043	0.0572114422885	0.0430086017203	0.0988197639528	0.0686137227445	0.0682136427285	0.0982196439288	0.107821564313
12500:17500		0.0360072014403	0.0436087217443	0.0480096019204	0.0448089617924	0.0336067213443	0.0682136427285	0.0558111622324	0.0830166033207	0.0378075615123	0.0552110422084	0.0506101220244	0.100620124025	0.0650130026005	0.0736147229446	0.0896179235847	0.114422884577
15000:20000		0.0400080016003	0.0456091218244	0.0528105621124	0.0434086817363	0.0330066013203	0.0622124424885	0.0550110022004	0.0806161232246	0.0414082816563	0.0544108821764	0.0468093618724	0.104820964193	0.0674134826965	0.0686137227445	0.0930186037207	0.110822164433
17500:22500		0.0386077215443	0.0444088817764	0.0584116823365	0.0418083616723	0.0350070014003	0.0574114822965	0.0566113222645	0.0794158831766	0.0438087617524	0.0558111622324	0.0432086417283	0.109621924385	0.0658131626325	0.0708141628326	0.0942188437688	0.105021004201
20000:25000		0.0384076815363	0.0448089617924	0.0606121224245	0.0440088017604	0.0424084816963	0.0662132426485	0.0578115623125	0.0714142828566	0.0458091618324	0.0568113622725	0.0436087217443	0.104620924185	0.0612122424485	0.0700140028006	0.0888177635527	0.103420684137
22500:27500		0.0420084016803	0.0430086017203	0.0522104420884	0.0532106421284	0.0418083616723	0.0642128425685	0.0518103620724	0.0732146429286	0.0450090018004	0.0528105621124	0.0492098419684	0.100220044009	0.0616123224645	0.0712142428486	0.0940188037608	0.104420884177
25000:30000		0.0368073614723	0.0394078815763	0.0502100420084	0.0552110422084	0.0344068813763	0.0612122424485	0.0574114822965	0.0760152030406	0.0486097219444	0.0580116023205	0.0678135627125	0.0982196439288	0.0620124024805	0.0704140828166	0.0972194438888	0.0870174034807
27500:32500		0.0440088017604	0.0382076415283	0.0586117223445	0.0602120424085	0.0316063212643	0.0510102020404	0.0568113622725	0.0698139627926	0.0578115623125	0.0598119623925	0.0724144828966	0.0940188037608	0.0678135627125	0.0602120424085	0.0962192438488	0.0814162832567
30000:35000		0.0554110822164	0.0388077615523	0.0602120424085	0.0616123224645	0.0328065613123	0.0420084016803	0.0538107621524	0.0700140028006	0.0558111622324	0.0568113622725	0.0696139227846	0.0952190438088	0.0720144028806	0.0610122024405	0.0940188037608	0.0808161632326
32500:37500		0.0520104020804	0.0386077215443	0.0632126425285	0.0558111622324	0.0322064412883	0.0484096819364	0.0562112422484	0.0674134826965	0.0518103620724	0.0586117223445	0.0716143228646	0.100820164033	0.0734146829366	0.0586117223445	0.0918183636727	0.0794158831766
35000:40000		0.0470094018804	0.0334066813363	0.0660132026405	0.0548109621924	0.0300060012002	0.0458091618324	0.0542108421684	0.0648129625925	0.0498099619924	0.0606121224245	0.0660132026405	0.109621924385	0.0744148829766	0.0550110022004	0.0998199639928	0.0886177235447
37500:42500		0.0498099619924	0.0350070014003	0.0590118023605	0.0560112022404	0.0332066413283	0.0462092418484	0.0570114022805	0.0680136027205	0.0496099219844	0.0608121624325	0.0592118423685	0.104820964193	0.0674134826965	0.0624124824965	0.0992198439688	0.0922184436887
40000:45000		0.0566113222645	0.0388077615523	0.0554110822164	0.0592118423685	0.0350070014003	0.0484096819364	0.0532106421284	0.0702140428086	0.0496099219844	0.0576115223045	0.0574114822965	0.0972194438888	0.0686137227445	0.0622124424885	0.0958191638328	0.0946189237848
42500:47500		0.0574114822965	0.0374074814963	0.0598119623925	0.0584116823365	0.0336067213443	0.0436087217443	0.0502100420084	0.0692138427686	0.0484096819364	0.0586117223445	0.0594118823765	0.100820164033	0.0738147629526	0.0568113622725	0.0978195639128	0.0946189237848
45000:50000		0.0460092018404	0.0390078015603	0.0646129225845	0.0554110822164	0.0358071614323	0.0448089617924	0.0498099619924	0.0690138027606	0.0490098019604	0.0592118423685	0.0590118023605	0.103220644129	0.0742148429686	0.0564112822565	0.0970194038808	0.0974194838968
47500:52500		0.0444088817764	0.0406081216243	0.0666133226645	0.0558111622324	0.0346069213843	0.0460092018404	0.0530106021204	0.0672134426885	0.0520104020804	0.0568113622725	0.0592118423685	0.102220444089	0.0766153230646	0.0574114822965	0.0912182436487	0.0962192438488
50000:55000		0.0548109621924	0.0378075615123	0.0626125225045	0.0592118423685	0.0322064412883	0.0474094818964	0.0552110422084	0.0658131626325	0.0532106421284	0.0548109621924	0.0572114422885	0.0986197239448	0.0742148429686	0.0606121224245	0.0886177235447	0.0976195239048
52500:57500		0.0524104820964	0.0342068413683	0.0628125625125	0.0610122024405	0.0354070814163	0.0478095619124	0.0510102020404	0.0690138027606	0.0498099619924	0.0560112022404	0.0584116823365	0.0982196439288	0.0728145629126	0.0650130026005	0.0904180836167	0.0956191238248
55000:60000		0.0488097619524	0.0364072814563	0.0606121224245	0.0576115223045	0.0364072814563	0.0480096019204	0.0470094018804	0.0800160032006	0.0438087617524	0.0544108821764	0.0556111222244	0.0992198439688	0.0742148429686	0.0726145229046	0.0898179635927	0.0954190838168
57500:62500		0.0468093618724	0.0438087617524	0.0434086817363	0.0578115623125	0.0356071214243	0.0572114422885	0.0504100820164	0.0902180436087	0.0372074414883	0.0542108421684	0.0520104020804	0.0928185637127	0.0720144028806	0.0782156431286	0.0904180836167	0.0978195639128
60000:65000		0.0384076815363	0.0434086817363	0.0402080416083	0.0612122424485	0.0386077215443	0.0600120024005	0.0532106421284	0.0870174034807	0.0382076415283	0.0560112022404	0.0570114022805	0.0902180436087	0.0680136027205	0.0794158831766	0.0910182036407	0.0980196039208
62500:67500		0.0312062412482	0.0410082016403	0.0412082416483	0.0594118823765	0.0376075215043	0.0616123224645	0.0646129225845	0.0780156031206	0.0444088817764	0.0562112422484	0.0628125625125	0.0972194438888	0.0598119623925	0.0830166033207	0.0920184036807	0.0898179635927
65000:70000		0.0346069213843	0.0354070814163	0.0444088817764	0.0584116823365	0.0354070814163	0.0622124424885	0.0668133626725	0.0704140828166	0.0504100820164	0.0590118023605	0.0684136827365	0.0974194838968	0.0526105221044	0.0782156431286	0.0954190838168	0.0908181636327
67500:72500		0.0392078415683	0.0334066813363	0.0540108021604	0.0572114422885	0.0378075615123	0.0522104420884	0.0534106821364	0.0664132826565	0.0610122024405	0.0596119223845	0.0746149229846	0.0976195239048	0.0458091618324	0.0646129225845	0.110822164433	0.0922184436887
70000:75000		0.0400976999796	0.033380826379	0.0553633217993	0.0559739466721	0.0396906167311	0.0394870751069	0.0453897822105	0.0659474862609	0.0716466517403	0.0541420720537	0.0852839405658	0.103806228374	0.033380826379	0.0635049867698	0.129045389782	0.083859149196
