AA	AT	AC	AG	TA	TT	TC	TG	CA	CT	CC	CG	GA	GT	GC	GG	
0:5000		0.0442088417684	0.0402080416083	0.0524104820964	0.0670134026805	0.0358071614323	0.0500100020004	0.0526105221044	0.0750150030006	0.0464092818564	0.0600120024005	0.0426085217043	0.0968193638728	0.0772154430886	0.0632126425285	0.0984196839368	0.0980196039208
2500:7500		0.0448089617924	0.0400080016003	0.0556111222244	0.0668133626725	0.0372074414883	0.0520104020804	0.0532106421284	0.0716143228646	0.0458091618324	0.0610122024405	0.0428085617123	0.0998199639928	0.0794158831766	0.0610122024405	0.0978195639128	0.0910182036407
5000:10000		0.0444088817764	0.0402080416083	0.0604120824165	0.0570114022805	0.0390078015603	0.0622124424885	0.0532106421284	0.0742148429686	0.0404080816163	0.0638127625525	0.0490098019604	0.0960192038408	0.0782156431286	0.0626125225045	0.0866173234647	0.0926185237047
7500:12500		0.0484096819364	0.0426085217043	0.0568113622725	0.0548109621924	0.0386077215443	0.0596119223845	0.0524104820964	0.0772154430886	0.0420084016803	0.0662132426485	0.0444088817764	0.0922184436887	0.0738147629526	0.0594118823765	0.0912182436487	0.100220044009
10000:15000		0.0412082416483	0.0428085617123	0.0488097619524	0.0538107621524	0.0364072814563	0.0510102020404	0.0544108821764	0.0800160032006	0.0402080416083	0.0676135227045	0.0464092818564	0.0996199239848	0.0688137627526	0.0604120824165	0.104220844169	0.104220844169
12500:17500		0.0330066013203	0.0396079215843	0.0522104420884	0.0478095619124	0.0350070014003	0.0546109221844	0.0528105621124	0.0818163632727	0.0400080016003	0.0624124824965	0.0548109621924	0.104020804161	0.0646129225845	0.0674134826965	0.101620324065	0.108221644329
15000:20000		0.0356071214243	0.0436087217443	0.0562112422484	0.0506101220244	0.0372074414883	0.0584116823365	0.0536107221444	0.0754150830166	0.0460092018404	0.0564112822565	0.0492098419684	0.102420484097	0.0670134026805	0.0662132426485	0.0952190438088	0.106821364273
17500:22500		0.0356071214243	0.0450090018004	0.0626125225045	0.0478095619124	0.0430086017203	0.0588117623525	0.0562112422484	0.0718143628726	0.0478095619124	0.0586117223445	0.0412082416483	0.100620124025	0.0644128825765	0.0674134826965	0.0882176435287	0.110822164433
20000:25000		0.0302060412082	0.0396079215843	0.0578115623125	0.0428085617123	0.0424084816963	0.0596119223845	0.0532106421284	0.0762152430486	0.0404080816163	0.0562112422484	0.0426085217043	0.109221844369	0.0574114822965	0.0760152030406	0.0948189637928	0.121424284857
22500:27500		0.0330066013203	0.0376075215043	0.0506101220244	0.0470094018804	0.0372074414883	0.0602120424085	0.0510102020404	0.0782156431286	0.0362072414483	0.0544108821764	0.0426085217043	0.110822164433	0.0616123224645	0.0746149229846	0.0998199639928	0.125025005001
25000:30000		0.0374074814963	0.0390078015603	0.0498099619924	0.0568113622725	0.0386077215443	0.0590118023605	0.0536107221444	0.0742148429686	0.0450090018004	0.0580116023205	0.0518103620724	0.0996199239848	0.0620124024805	0.0694138827766	0.0992198439688	0.106421284257
27500:32500		0.0400080016003	0.0366073214643	0.0494098819764	0.0654130826165	0.0386077215443	0.0536107221444	0.0564112822565	0.0672134426885	0.0524104820964	0.0584116823365	0.0676135227045	0.0974194838968	0.0604120824165	0.0674134826965	0.102420484097	0.0866173234647
30000:35000		0.0452090418084	0.0368073614723	0.0556111222244	0.0660132026405	0.0362072414483	0.0470094018804	0.0564112822565	0.0682136427285	0.0544108821764	0.0580116023205	0.0710142028406	0.0952190438088	0.0678135627125	0.0658131626325	0.0956191238248	0.0806161232246
32500:37500		0.0488097619524	0.0398079615923	0.0588117623525	0.0620124024805	0.0364072814563	0.0456091218244	0.0542108421684	0.0698139627926	0.0558111622324	0.0554110822164	0.0688137627526	0.0926185237047	0.0684136827365	0.0652130426085	0.0910182036407	0.0872174434887
35000:40000		0.0528105621124	0.0344068813763	0.0606121224245	0.0628125625125	0.0368073614723	0.0454090818164	0.0520104020804	0.0616123224645	0.0520104020804	0.0552110422084	0.0668133626725	0.101820364073	0.0692138427686	0.0608121624325	0.0962192438488	0.0914182836567
37500:42500		0.0506101220244	0.0308061612322	0.0618123624725	0.0598119623925	0.0356071214243	0.0436087217443	0.0528105621124	0.0628125625125	0.0480096019204	0.0578115623125	0.0670134026805	0.110222044409	0.0688137627526	0.0626125225045	0.101420284057	0.0862172434487
40000:45000		0.0534106821364	0.0330066013203	0.0584116823365	0.0624124824965	0.0376075215043	0.0412082416483	0.0524104820964	0.0646129225845	0.0506101220244	0.0570114022805	0.0596119223845	0.104220844169	0.0654130826165	0.0646129225845	0.101020204041	0.0944188837768
42500:47500		0.0554110822164	0.0338067613523	0.0574114822965	0.0640128025605	0.0342068413683	0.0414082816563	0.0510102020404	0.0620124024805	0.0518103620724	0.0562112422484	0.0544108821764	0.103020604121	0.0692138427686	0.0572114422885	0.102420484097	0.106421284257
45000:50000		0.0486097219444	0.0372074414883	0.0598119623925	0.0604120824165	0.0318063612723	0.0472094418884	0.0510102020404	0.0658131626325	0.0494098819764	0.0558111622324	0.0544108821764	0.106221244249	0.0762152430486	0.0556111222244	0.100620124025	0.0998199639928
47500:52500		0.0390078015603	0.0406081216243	0.0604120824165	0.0584116823365	0.0376075215043	0.0494098819764	0.0518103620724	0.0676135227045	0.0456091218244	0.0536107221444	0.0530106021204	0.109021804361	0.0760152030406	0.0628125625125	0.0960192038408	0.0990198039608
50000:55000		0.0402080416083	0.0392078415683	0.0630126025205	0.0554110822164	0.0396079215843	0.0474094818964	0.0522104420884	0.0642128425685	0.0456091218244	0.0524104820964	0.0596119223845	0.108021604321	0.0724144828966	0.0644128825765	0.0910182036407	0.105221044209
52500:57500		0.0514102820564	0.0340068013603	0.0644128825765	0.0606121224245	0.0408081616323	0.0458091618324	0.0500100020004	0.0622124424885	0.0446089217844	0.0556111222244	0.0588117623525	0.102620524105	0.0734146829366	0.0634126825365	0.0884176835367	0.103820764153
55000:60000		0.0492098419684	0.0332066413283	0.0618123624725	0.0630126025205	0.0394078815763	0.0460092018404	0.0504100820164	0.0686137227445	0.0456091218244	0.0586117223445	0.0506101220244	0.0988197639528	0.0730146029206	0.0664132826565	0.0910182036407	0.104220844169
57500:62500		0.0462092418484	0.0416083216643	0.0530106021204	0.0632126425285	0.0378075615123	0.0518103620724	0.0500100020004	0.0798159631926	0.0468093618724	0.0572114422885	0.0474094818964	0.0920184036807	0.0732146429286	0.0688137627526	0.0930186037207	0.0980196039208
60000:65000		0.0438087617524	0.0436087217443	0.0466093218644	0.0648129625925	0.0392078415683	0.0534106821364	0.0484096819364	0.0854170834167	0.0440088017604	0.0558111622324	0.0532106421284	0.0900180036007	0.0720144028806	0.0736147229446	0.0946189237848	0.0914182836567
62500:67500		0.0346069213843	0.0358071614323	0.0452090418084	0.0638127625525	0.0380076015203	0.0558111622324	0.0584116823365	0.0812162432486	0.0444088817764	0.0616123224645	0.0614122824565	0.0894178835767	0.0624124824965	0.0802160432086	0.0916183236647	0.0960192038408
65000:70000		0.0320064012803	0.0350070014003	0.0490098019604	0.0608121624325	0.0354070814163	0.0566113222645	0.0662132426485	0.0762152430486	0.0540108021604	0.0600120024005	0.0656131226245	0.0922184436887	0.0554110822164	0.0828165633127	0.0910182036407	0.0876175235047
67500:72500		0.0348069613923	0.0360072014403	0.0556111222244	0.0568113622725	0.0390078015603	0.0538107621524	0.0578115623125	0.0742148429686	0.0574114822965	0.0572114422885	0.0654130826165	0.0982196439288	0.0520104020804	0.0778155631126	0.0992198439688	0.0846169233847
70000:75000		0.0384076815363	0.0348069613923	0.0614122824565	0.0528105621124	0.0422084416883	0.0516103220644	0.0574114822965	0.0698139627926	0.0604120824165	0.0626125225045	0.0652130426085	0.0994198839768	0.0464092818564	0.0720144028806	0.103420684137	0.0820164032807
72500:77500		0.0390879478827	0.0350789275871	0.0746680030068	0.0576296667502	0.0403407667251	0.0448509145578	0.0551240290654	0.0623903783513	0.0856928088198	0.0553745928339	0.0701578551741	0.0954647957905	0.041343021799	0.0674016537209	0.106740165372	0.0686544725633
