AA	AT	AC	AG	TA	TT	TC	TG	CA	CT	CC	CG	GA	GT	GC	GG	
0:5000		0.0438087617524	0.0408081616323	0.0514102820564	0.0676135227045	0.0366073214643	0.0500100020004	0.0520104020804	0.0756151230246	0.0450090018004	0.0580116023205	0.0430086017203	0.0972194438888	0.0780156031206	0.0654130826165	0.0970194038808	0.0984196839368
2500:7500		0.0444088817764	0.0408081616323	0.0552110422084	0.0664132826565	0.0374074814963	0.0512102420484	0.0532106421284	0.0708141628326	0.0458091618324	0.0590118023605	0.0456091218244	0.101020204041	0.0792158431686	0.0616123224645	0.0974194838968	0.0908181636327
5000:10000		0.0448089617924	0.0408081616323	0.0614122824565	0.0560112022404	0.0392078415683	0.0606121224245	0.0530106021204	0.0732146429286	0.0410082016403	0.0638127625525	0.0510102020404	0.0962192438488	0.0782156431286	0.0608121624325	0.0866173234647	0.0932186437287
7500:12500		0.0478095619124	0.0428085617123	0.0576115223045	0.0546109221844	0.0388077615523	0.0588117623525	0.0510102020404	0.0784156831366	0.0418083616723	0.0662132426485	0.0438087617524	0.0920184036807	0.0746149229846	0.0592118423685	0.0914182836567	0.101020204041
10000:15000		0.0398079615923	0.0424084816963	0.0494098819764	0.0530106021204	0.0362072414483	0.0524104820964	0.0542108421684	0.0808161632326	0.0396079215843	0.0668133626725	0.0460092018404	0.101220244049	0.0690138027606	0.0620124024805	0.104020804161	0.103020604121
12500:17500		0.0332066413283	0.0392078415683	0.0524104820964	0.0476095219044	0.0360072014403	0.0558111622324	0.0530106021204	0.0808161632326	0.0396079215843	0.0630126025205	0.0552110422084	0.104220844169	0.0638127625525	0.0674134826965	0.101420284057	0.107221444289
15000:20000		0.0346069213843	0.0434086817363	0.0558111622324	0.0502100420084	0.0380076015203	0.0604120824165	0.0542108421684	0.0744148829766	0.0450090018004	0.0568113622725	0.0492098419684	0.103220644129	0.0664132826565	0.0664132826565	0.0952190438088	0.106621324265
17500:22500		0.0346069213843	0.0444088817764	0.0622124424885	0.0468093618724	0.0426085217043	0.0602120424085	0.0566113222645	0.0728145629126	0.0464092818564	0.0592118423685	0.0392078415683	0.101820364073	0.0644128825765	0.0684136827365	0.0886177235447	0.111622324465
20000:25000		0.0308061612322	0.0382076415283	0.0588117623525	0.0424084816963	0.0408081616323	0.0584116823365	0.0540108021604	0.0788157631526	0.0412082416483	0.0594118823765	0.0406081216243	0.107421484297	0.0574114822965	0.0758151630326	0.0954190838168	0.120424084817
22500:27500		0.0338067613523	0.0378075615123	0.0528105621124	0.0490098019604	0.0390078015603	0.0554110822164	0.0522104420884	0.0774154830966	0.0388077615523	0.0578115623125	0.0444088817764	0.109021804361	0.0618123624725	0.0728145629126	0.100620124025	0.117223444689
25000:30000		0.0370074014803	0.0410082016403	0.0502100420084	0.0584116823365	0.0416083216643	0.0558111622324	0.0514102820564	0.0744148829766	0.0446089217844	0.0568113622725	0.0532106421284	0.100220044009	0.0634126825365	0.0696139227846	0.100220044009	0.102020404081
27500:32500		0.0412082416483	0.0384076815363	0.0474094818964	0.0640128025605	0.0400080016003	0.0546109221844	0.0556111222244	0.0684136827365	0.0498099619924	0.0568113622725	0.0684136827365	0.0974194838968	0.0600120024005	0.0688137627526	0.101020204041	0.0880176035207
30000:35000		0.0438087617524	0.0382076415283	0.0534106821364	0.0654130826165	0.0380076015203	0.0468093618724	0.0576115223045	0.0652130426085	0.0546109221844	0.0574114822965	0.0712142428486	0.0964192838568	0.0646129225845	0.0652130426085	0.0972194438888	0.0848169633927
32500:37500		0.0476095219044	0.0398079615923	0.0596119223845	0.0618123624725	0.0362072414483	0.0464092818564	0.0532106421284	0.0696139227846	0.0552110422084	0.0574114822965	0.0682136427285	0.0922184436887	0.0698139627926	0.0618123624725	0.0920184036807	0.0890178035607
35000:40000		0.0552110422084	0.0370074014803	0.0610122024405	0.0606121224245	0.0366073214643	0.0490098019604	0.0534106821364	0.0624124824965	0.0516103220644	0.0564112822565	0.0686137227445	0.0986197239448	0.0704140828166	0.0590118023605	0.0922184436887	0.0878175635127
37500:42500		0.0508101620324	0.0332066413283	0.0588117623525	0.0596119223845	0.0368073614723	0.0438087617524	0.0544108821764	0.0600120024005	0.0488097619524	0.0550110022004	0.0654130826165	0.111822364473	0.0662132426485	0.0628125625125	0.102420484097	0.0900180036007
40000:45000		0.0526105221044	0.0332066413283	0.0586117223445	0.0620124024805	0.0388077615523	0.0396079215843	0.0510102020404	0.0632126425285	0.0496099219844	0.0564112822565	0.0564112822565	0.108021604321	0.0652130426085	0.0634126825365	0.104420884177	0.0974194838968
42500:47500		0.0548109621924	0.0358071614323	0.0596119223845	0.0620124024805	0.0348069613923	0.0426085217043	0.0508101620324	0.0628125625125	0.0506101220244	0.0578115623125	0.0552110422084	0.102420484097	0.0720144028806	0.0548109621924	0.100420084017	0.103420684137
45000:50000		0.0500100020004	0.0408081616323	0.0580116023205	0.0642128425685	0.0344068813763	0.0466093218644	0.0504100820164	0.0660132026405	0.0520104020804	0.0548109621924	0.0562112422484	0.0980196039208	0.0766153230646	0.0552110422084	0.0966193238648	0.100020004001
47500:52500		0.0394078815763	0.0432086417283	0.0604120824165	0.0608121624325	0.0396079215843	0.0492098419684	0.0504100820164	0.0698139627926	0.0500100020004	0.0518103620724	0.0520104020804	0.101420284057	0.0748149629926	0.0646129225845	0.0924184836967	0.100020004001
50000:55000		0.0422084416883	0.0382076415283	0.0608121624325	0.0550110022004	0.0388077615523	0.0496099219844	0.0520104020804	0.0666133226645	0.0464092818564	0.0538107621524	0.0588117623525	0.105021004201	0.0688137627526	0.0654130826165	0.0924184836967	0.106021204241
52500:57500		0.0532106421284	0.0334066813363	0.0586117223445	0.0620124024805	0.0380076015203	0.0486097219444	0.0520104020804	0.0660132026405	0.0452090418084	0.0558111622324	0.0590118023605	0.0990198039608	0.0710142028406	0.0668133626725	0.0894178835767	0.101820364073
55000:60000		0.0484096819364	0.0344068813763	0.0592118423685	0.0610122024405	0.0368073614723	0.0464092818564	0.0520104020804	0.0746149229846	0.0442088417684	0.0606121224245	0.0512102420484	0.0966193238648	0.0736147229446	0.0684136827365	0.0902180436087	0.102220444089
57500:62500		0.0458091618324	0.0424084816963	0.0546109221844	0.0594118823765	0.0372074414883	0.0520104020804	0.0492098419684	0.0828165633127	0.0448089617924	0.0580116023205	0.0502100420084	0.0926185237047	0.0744148829766	0.0688137627526	0.0916183236647	0.0960192038408
60000:65000		0.0428085617123	0.0390078015603	0.0518103620724	0.0622124424885	0.0400080016003	0.0584116823365	0.0450090018004	0.0778155631126	0.0452090418084	0.0536107221444	0.0558111622324	0.0964192838568	0.0678135627125	0.0700140028006	0.0984196839368	0.0956191238248
62500:67500		0.0410082016403	0.0338067613523	0.0588117623525	0.0542108421684	0.0400080016003	0.0518103620724	0.0554110822164	0.0684136827365	0.0582116423285	0.0578115623125	0.0662132426485	0.100220044009	0.0484096819364	0.0722144428886	0.102220444089	0.0912182436487
65000:70000		0.0402057035998	0.0355306217859	0.0705937353904	0.0568022440393	0.0395044413277	0.0418419822347	0.0586722767648	0.0640486208509	0.085553997195	0.0551659654044	0.0689574567555	0.0960729312763	0.0378681626928	0.0715287517532	0.107760635811	0.0698924731183
