AA	AT	AC	AG	TA	TT	TC	TG	CA	CT	CC	CG	GA	GT	GC	GG	
0:5000		0.0460092018404	0.0420084016803	0.0496099219844	0.0652130426085	0.0330066013203	0.0556111222244	0.0526105221044	0.0800160032006	0.0432086417283	0.0578115623125	0.0396079215843	0.0932186437287	0.0806161232246	0.0658131626325	0.0920184036807	0.103620724145
2500:7500		0.0498099619924	0.0402080416083	0.0566113222645	0.0646129225845	0.0354070814163	0.0498099619924	0.0554110822164	0.0708141628326	0.0462092418484	0.0598119623925	0.0434086817363	0.101020204041	0.0800160032006	0.0614122824565	0.0950190038008	0.0904180836167
5000:10000		0.0472094418884	0.0424084816963	0.0590118023605	0.0556111222244	0.0390078015603	0.0552110422084	0.0570114022805	0.0708141628326	0.0416083216643	0.0614122824565	0.0482096419284	0.101020204041	0.0766153230646	0.0630126025205	0.0880176035207	0.0938187637528
7500:12500		0.0474094818964	0.0426085217043	0.0540108021604	0.0564112822565	0.0354070814163	0.0590118023605	0.0554110822164	0.0742148429686	0.0444088817764	0.0596119223845	0.0416083216643	0.0978195639128	0.0734146829366	0.0628125625125	0.0924184836967	0.103420684137
10000:15000		0.0420084016803	0.0410082016403	0.0466093218644	0.0556111222244	0.0310062012402	0.0610122024405	0.0540108021604	0.0798159631926	0.0428085617123	0.0572114422885	0.0436087217443	0.101220244049	0.0692138427686	0.0666133226645	0.100820164033	0.107421484297
12500:17500		0.0362072414483	0.0422084416883	0.0486097219444	0.0462092418484	0.0336067213443	0.0656131226245	0.0544108821764	0.0802160432086	0.0378075615123	0.0546109221844	0.0530106021204	0.103820764153	0.0656131226245	0.0716143228646	0.0930186037207	0.113422684537
15000:20000		0.0392078415683	0.0460092018404	0.0530106021204	0.0450090018004	0.0342068413683	0.0624124824965	0.0546109221844	0.0786157231446	0.0416083216643	0.0532106421284	0.0490098019604	0.105021004201	0.0682136427285	0.0682136427285	0.0922184436887	0.109421884377
17500:22500		0.0384076815363	0.0454090818164	0.0578115623125	0.0416083216643	0.0352070414083	0.0576115223045	0.0576115223045	0.0788157631526	0.0432086417283	0.0552110422084	0.0436087217443	0.110422084417	0.0664132826565	0.0710142028406	0.0934186837367	0.104220844169
20000:25000		0.0390078015603	0.0454090818164	0.0598119623925	0.0434086817363	0.0418083616723	0.0658131626325	0.0590118023605	0.0708141628326	0.0462092418484	0.0564112822565	0.0438087617524	0.105221044209	0.0606121224245	0.0698139627926	0.0888177635527	0.104020804161
22500:27500		0.0420084016803	0.0426085217043	0.0530106021204	0.0524104820964	0.0418083616723	0.0648129625925	0.0528105621124	0.0726145229046	0.0458091618324	0.0530106021204	0.0494098819764	0.0996199239848	0.0604120824165	0.0716143228646	0.0926185237047	0.105421084217
25000:30000		0.0370074014803	0.0392078415683	0.0510102020404	0.0546109221844	0.0350070014003	0.0616123224645	0.0564112822565	0.0760152030406	0.0480096019204	0.0576115223045	0.0676135227045	0.0986197239448	0.0618123624725	0.0706141228246	0.0970194038808	0.0878175635127
27500:32500		0.0424084816963	0.0384076815363	0.0586117223445	0.0602120424085	0.0316063212643	0.0520104020804	0.0566113222645	0.0706141228246	0.0572114422885	0.0596119223845	0.0716143228646	0.0948189637928	0.0682136427285	0.0608121624325	0.0964192838568	0.0808161632326
30000:35000		0.0540108021604	0.0390078015603	0.0602120424085	0.0614122824565	0.0324064812963	0.0430086017203	0.0546109221844	0.0706141228246	0.0562112422484	0.0566113222645	0.0692138427686	0.0954190838168	0.0720144028806	0.0618123624725	0.0936187237447	0.0798159631926
32500:37500		0.0520104020804	0.0386077215443	0.0632126425285	0.0556111222244	0.0318063612723	0.0476095219044	0.0562112422484	0.0688137627526	0.0520104020804	0.0584116823365	0.0702140428086	0.100420084017	0.0736147229446	0.0598119623925	0.0914182836567	0.0802160432086
35000:40000		0.0468093618724	0.0330066013203	0.0664132826565	0.0552110422084	0.0302060412082	0.0458091618324	0.0546109221844	0.0652130426085	0.0492098419684	0.0606121224245	0.0636127225445	0.109621924385	0.0752150430086	0.0562112422484	0.0984196839368	0.0898179635927
37500:42500		0.0500100020004	0.0356071214243	0.0590118023605	0.0562112422484	0.0334066813363	0.0508101620324	0.0580116023205	0.0676135227045	0.0482096419284	0.0614122824565	0.0584116823365	0.102420484097	0.0692138427686	0.0620124024805	0.0950190038008	0.0926185237047
40000:45000		0.0552110422084	0.0392078415683	0.0526105221044	0.0586117223445	0.0342068413683	0.0476095219044	0.0536107221444	0.0716143228646	0.0466093218644	0.0564112822565	0.0594118823765	0.0976195239048	0.0696139227846	0.0638127625525	0.0944188837768	0.0994198839768
42500:47500		0.0520104020804	0.0406081216243	0.0546109221844	0.0612122424485	0.0330066013203	0.0430086017203	0.0496099219844	0.0704140828166	0.0466093218644	0.0564112822565	0.0604120824165	0.101820364073	0.0770154030806	0.0560112022404	0.100620124025	0.0966193238648
45000:50000		0.0438087617524	0.0410082016403	0.0642128425685	0.0584116823365	0.0334066813363	0.0466093218644	0.0536107221444	0.0672134426885	0.0518103620724	0.0576115223045	0.0568113622725	0.104820964193	0.0784156831366	0.0556111222244	0.0964192838568	0.0902180436087
47500:52500		0.0490098019604	0.0380076015203	0.0684136827365	0.0556111222244	0.0356071214243	0.0434086817363	0.0540108021604	0.0642128425685	0.0540108021604	0.0558111622324	0.0592118423685	0.104820964193	0.0724144828966	0.0600120024005	0.0922184436887	0.0932186437287
50000:55000		0.0558111622324	0.0348069613923	0.0672134426885	0.0586117223445	0.0362072414483	0.0456091218244	0.0518103620724	0.0630126025205	0.0538107621524	0.0554110822164	0.0608121624325	0.100020004001	0.0706141228246	0.0608121624325	0.0902180436087	0.0952190438088
52500:57500		0.0504100820164	0.0354070814163	0.0604120824165	0.0586117223445	0.0348069613923	0.0490098019604	0.0502100420084	0.0742148429686	0.0470094018804	0.0560112022404	0.0570114022805	0.0966193238648	0.0728145629126	0.0676135227045	0.0890178035607	0.100820164033
55000:60000		0.0470094018804	0.0438087617524	0.0480096019204	0.0580116023205	0.0382076415283	0.0512102420484	0.0470094018804	0.0842168433687	0.0400080016003	0.0504100820164	0.0494098819764	0.0992198439688	0.0716143228646	0.0754150830166	0.0946189237848	0.101820364073
57500:62500		0.0438087617524	0.0460092018404	0.0398079615923	0.0600120024005	0.0396079215843	0.0596119223845	0.0518103620724	0.0874174834967	0.0368073614723	0.0552110422084	0.0498099619924	0.0932186437287	0.0692138427686	0.0776155231046	0.0936187237447	0.0964192838568
60000:65000		0.0354070814163	0.0360072014403	0.0382076415283	0.0608121624325	0.0374074814963	0.0654130826165	0.0642128425685	0.0814162832567	0.0374074814963	0.0608121624325	0.0602120424085	0.0938187637528	0.0602120424085	0.0862172434487	0.0896179235847	0.0928185637127
62500:67500		0.0324064812963	0.0336067213443	0.0464092818564	0.0578115623125	0.0346069213843	0.0622124424885	0.0698139627926	0.0738147629526	0.0474094818964	0.0606121224245	0.0672134426885	0.0996199239848	0.0558111622324	0.0838167633527	0.0916183236647	0.0832166433287
65000:70000		0.0382076415283	0.0340068013603	0.0534106821364	0.0568113622725	0.0374074814963	0.0526105221044	0.0538107621524	0.0686137227445	0.0586117223445	0.0602120424085	0.0750150030006	0.0974194838968	0.0482096419284	0.0656131226245	0.108821764353	0.0912182436487
67500:72500		0.0396079215843	0.0344068813763	0.0492098419684	0.0568113622725	0.0394078815763	0.0456091218244	0.0482096419284	0.0662132426485	0.0628125625125	0.0550110022004	0.0776155231046	0.104820964193	0.0382076415283	0.0644128825765	0.125225045009	0.0924184836967
70000:75000		0.0414252607184	0.031865585168	0.055909617613	0.0582271147161	0.0385283893395	0.0376593279258	0.0475086906141	0.0646002317497	0.0721320973349	0.0521436848204	0.0857473928158	0.10573580533	0.0353418308227	0.0666280417149	0.126882966396	0.07966396292
