AA	AT	AC	AG	TA	TT	TC	TG	CA	CT	CC	CG	GA	GT	GC	GG	
0:5000		0.0442088417684	0.0406081216243	0.0520104020804	0.0672134426885	0.0362072414483	0.0486097219444	0.0522104420884	0.0752150430086	0.0454090818164	0.0596119223845	0.0430086017203	0.0972194438888	0.0780156031206	0.0634126825365	0.0982196439288	0.0988197639528
2500:7500		0.0442088417684	0.0406081216243	0.0554110822164	0.0662132426485	0.0372074414883	0.0510102020404	0.0536107221444	0.0708141628326	0.0454090818164	0.0596119223845	0.0450090018004	0.101220244049	0.0796159231846	0.0614122824565	0.0972194438888	0.0914182836567
5000:10000		0.0454090818164	0.0412082416483	0.0602120424085	0.0560112022404	0.0394078815763	0.0616123224645	0.0536107221444	0.0734146829366	0.0404080816163	0.0636127225445	0.0496099219844	0.0962192438488	0.0778155631126	0.0616123224645	0.0864172834567	0.0934186837367
7500:12500		0.0484096819364	0.0434086817363	0.0566113222645	0.0544108821764	0.0392078415683	0.0590118023605	0.0516103220644	0.0774154830966	0.0418083616723	0.0664132826565	0.0438087617524	0.0922184436887	0.0736147229446	0.0584116823365	0.0922184436887	0.101420284057
10000:15000		0.0402080416083	0.0428085617123	0.0510102020404	0.0528105621124	0.0374074814963	0.0504100820164	0.0536107221444	0.0796159231846	0.0404080816163	0.0668133626725	0.0472094418884	0.100420084017	0.0686137227445	0.0610122024405	0.103020604121	0.104620924185
12500:17500		0.0342068413683	0.0402080416083	0.0534106821364	0.0468093618724	0.0368073614723	0.0550110022004	0.0518103620724	0.0816163232647	0.0400080016003	0.0620124024805	0.0548109621924	0.102620524105	0.0636127225445	0.0678135627125	0.0996199239848	0.109621924385
15000:20000		0.0354070814163	0.0442088417684	0.0554110822164	0.0494098819764	0.0376075215043	0.0608121624325	0.0538107621524	0.0750150030006	0.0456091218244	0.0560112022404	0.0490098019604	0.103020604121	0.0660132026405	0.0662132426485	0.0952190438088	0.107221444289
17500:22500		0.0348069613923	0.0446089217844	0.0626125225045	0.0470094018804	0.0428085617123	0.0598119623925	0.0570114022805	0.0720144028806	0.0474094818964	0.0588117623525	0.0398079615923	0.101620324065	0.0640128025605	0.0684136827365	0.0882176435287	0.111022204441
20000:25000		0.0310062012402	0.0390078015603	0.0576115223045	0.0426085217043	0.0426085217043	0.0580116023205	0.0532106421284	0.0774154830966	0.0400080016003	0.0570114022805	0.0418083616723	0.108421684337	0.0566113222645	0.0772154430886	0.0946189237848	0.122824564913
22500:27500		0.0336067213443	0.0376075215043	0.0504100820164	0.0474094818964	0.0370074014803	0.0592118423685	0.0508101620324	0.0774154830966	0.0366073214643	0.0532106421284	0.0432086417283	0.111622324465	0.0618123624725	0.0744148829766	0.100420084017	0.125225045009
25000:30000		0.0372074414883	0.0398079615923	0.0498099619924	0.0560112022404	0.0382076415283	0.0588117623525	0.0534106821364	0.0732146429286	0.0454090818164	0.0578115623125	0.0538107621524	0.100820164033	0.0620124024805	0.0674134826965	0.100820164033	0.105421084217
27500:32500		0.0420084016803	0.0378075615123	0.0490098019604	0.0634126825365	0.0384076815363	0.0540108021604	0.0552110422084	0.0678135627125	0.0524104820964	0.0574114822965	0.0694138827766	0.0976195239048	0.0596119223845	0.0662132426485	0.103020604121	0.0866173234647
30000:35000		0.0476095219044	0.0374074814963	0.0550110022004	0.0652130426085	0.0350070014003	0.0480096019204	0.0550110022004	0.0684136827365	0.0546109221844	0.0554110822164	0.0716143228646	0.0958191638328	0.0680136027205	0.0656131226245	0.0958191638328	0.0814162832567
32500:37500		0.0488097619524	0.0402080416083	0.0586117223445	0.0616123224645	0.0348069613923	0.0470094018804	0.0540108021604	0.0706141228246	0.0566113222645	0.0540108021604	0.0702140428086	0.0926185237047	0.0690138027606	0.0654130826165	0.0906181236247	0.0858171634327
35000:40000		0.0524104820964	0.0368073614723	0.0590118023605	0.0624124824965	0.0356071214243	0.0460092018404	0.0532106421284	0.0622124424885	0.0534106821364	0.0538107621524	0.0664132826565	0.101620324065	0.0690138027606	0.0604120824165	0.0968193638728	0.0908181636327
37500:42500		0.0500100020004	0.0328065613123	0.0608121624325	0.0590118023605	0.0362072414483	0.0436087217443	0.0548109621924	0.0606121224245	0.0468093618724	0.0566113222645	0.0648129625925	0.113422684537	0.0696139227846	0.0622124424885	0.101220244049	0.0874174834967
40000:45000		0.0528105621124	0.0340068013603	0.0594118823765	0.0618123624725	0.0388077615523	0.0422084416883	0.0542108421684	0.0624124824965	0.0502100420084	0.0558111622324	0.0584116823365	0.105821164233	0.0662132426485	0.0654130826165	0.0982196439288	0.0942188437688
42500:47500		0.0554110822164	0.0354070814163	0.0580116023205	0.0638127625525	0.0340068013603	0.0412082416483	0.0518103620724	0.0618123624725	0.0538107621524	0.0556111222244	0.0552110422084	0.101420284057	0.0696139227846	0.0566113222645	0.101020204041	0.105221044209
45000:50000		0.0484096819364	0.0378075615123	0.0600120024005	0.0616123224645	0.0318063612723	0.0460092018404	0.0512102420484	0.0648129625925	0.0508101620324	0.0558111622324	0.0560112022404	0.105421084217	0.0770154030806	0.0542108421684	0.100820164033	0.0982196439288
47500:52500		0.0382076415283	0.0402080416083	0.0616123224645	0.0586117223445	0.0368073614723	0.0494098819764	0.0524104820964	0.0658131626325	0.0468093618724	0.0542108421684	0.0538107621524	0.109221844369	0.0766153230646	0.0606121224245	0.0964192838568	0.0992198439688
50000:55000		0.0404080816163	0.0388077615523	0.0644128825765	0.0540108021604	0.0390078015603	0.0482096419284	0.0528105621124	0.0634126825365	0.0458091618324	0.0530106021204	0.0594118823765	0.108621724345	0.0724144828966	0.0634126825365	0.0904180836167	0.105821164233
52500:57500		0.0516103220644	0.0334066813363	0.0648129625925	0.0610122024405	0.0386077215443	0.0470094018804	0.0494098819764	0.0630126025205	0.0452090418084	0.0548109621924	0.0590118023605	0.103020604121	0.0754150830166	0.0628125625125	0.0886177235447	0.102220444089
55000:60000		0.0496099219844	0.0328065613123	0.0608121624325	0.0642128425685	0.0358071614323	0.0462092418484	0.0504100820164	0.0698139627926	0.0464092818564	0.0574114822965	0.0506101220244	0.0994198839768	0.0756151230246	0.0658131626325	0.0920184036807	0.103020604121
57500:62500		0.0474094818964	0.0416083216643	0.0536107221444	0.0640128025605	0.0366073214643	0.0498099619924	0.0496099219844	0.0794158831766	0.0482096419284	0.0558111622324	0.0484096819364	0.0918183636727	0.0744148829766	0.0680136027205	0.0928185637127	0.0984196839368
60000:65000		0.0470094018804	0.0432086417283	0.0444088817764	0.0652130426085	0.0398079615923	0.0590118023605	0.0508101620324	0.0828165633127	0.0448089617924	0.0538107621524	0.0538107621524	0.0880176035207	0.0682136427285	0.0764152830566	0.0912182436487	0.0914182836567
62500:67500		0.0356071214243	0.0382076415283	0.0378075615123	0.0632126425285	0.0376075215043	0.0622124424885	0.0604120824165	0.0836167233447	0.0430086017203	0.0560112022404	0.0592118423685	0.0906181236247	0.0586117223445	0.0874174834967	0.0914182836567	0.0950190038008
65000:70000		0.0328065613123	0.0382076415283	0.0496099219844	0.0568113622725	0.0370074014803	0.0584116823365	0.0648129625925	0.0788157631526	0.0504100820164	0.0608121624325	0.0626125225045	0.0952190438088	0.0572114422885	0.0816163232647	0.0918183636727	0.0838167633527
67500:72500		0.0384076815363	0.0392078415683	0.0620124024805	0.0492098419684	0.0430086017203	0.0540108021604	0.0578115623125	0.0716143228646	0.0548109621924	0.0600120024005	0.0664132826565	0.0992198439688	0.0526105221044	0.0732146429286	0.0942188437688	0.0842168433687
70000:75000		0.0408081616323	0.0376075215043	0.0614122824565	0.0504100820164	0.0420084016803	0.0520104020804	0.0576115223045	0.0682136427285	0.0632126425285	0.0560112022404	0.0660132026405	0.100620124025	0.0444088817764	0.0742148429686	0.100820164033	0.0846169233847
72500:77500		0.0430750822614	0.0341011067903	0.0735865988633	0.0613221657194	0.0376906969788	0.0463655399342	0.0544421178582	0.0586299730781	0.0912354172899	0.0517499252169	0.0690996111277	0.0942267424469	0.0400837571044	0.0649117559079	0.109482500748	0.0699970086748
