AA	AT	AC	AG	TA	TT	TC	TG	CA	CT	CC	CG	GA	GT	GC	GG	
0:5000		0.0458091618324	0.0416083216643	0.0500100020004	0.0652130426085	0.0332066413283	0.0556111222244	0.0516103220644	0.0798159631926	0.0426085217043	0.0574114822965	0.0398079615923	0.0940188037608	0.0808161632326	0.0656131226245	0.0924184836967	0.104420884177
2500:7500		0.0496099219844	0.0402080416083	0.0568113622725	0.0648129625925	0.0350070014003	0.0498099619924	0.0548109621924	0.0712142428486	0.0464092818564	0.0590118023605	0.0442088417684	0.100820164033	0.0806161232246	0.0616123224645	0.0946189237848	0.0904180836167
5000:10000		0.0474094818964	0.0426085217043	0.0588117623525	0.0556111222244	0.0384076815363	0.0558111622324	0.0568113622725	0.0710142028406	0.0420084016803	0.0608121624325	0.0488097619524	0.100820164033	0.0766153230646	0.0630126025205	0.0878175635127	0.0936187237447
7500:12500		0.0474094818964	0.0422084416883	0.0540108021604	0.0564112822565	0.0354070814163	0.0594118823765	0.0556111222244	0.0740148029606	0.0442088417684	0.0594118823765	0.0416083216643	0.0982196439288	0.0730146029206	0.0634126825365	0.0922184436887	0.103420684137
10000:15000		0.0410082016403	0.0410082016403	0.0462092418484	0.0560112022404	0.0320064012803	0.0620124024805	0.0542108421684	0.0790158031606	0.0424084816963	0.0566113222645	0.0432086417283	0.101620324065	0.0688137627526	0.0676135227045	0.100220044009	0.108021604321
12500:17500		0.0358071614323	0.0432086417283	0.0488097619524	0.0458091618324	0.0352070414083	0.0668133626725	0.0544108821764	0.0788157631526	0.0376075215043	0.0536107221444	0.0528105621124	0.104420884177	0.0652130426085	0.0716143228646	0.0924184836967	0.113422684537
15000:20000		0.0398079615923	0.0462092418484	0.0534106821364	0.0442088417684	0.0340068013603	0.0634126825365	0.0540108021604	0.0792158431686	0.0418083616723	0.0530106021204	0.0494098819764	0.104820964193	0.0678135627125	0.0680136027205	0.0922184436887	0.108621724345
17500:22500		0.0388077615523	0.0438087617524	0.0596119223845	0.0410082016403	0.0340068013603	0.0586117223445	0.0566113222645	0.0826165233047	0.0446089217844	0.0570114022805	0.0436087217443	0.106421284257	0.0658131626325	0.0724144828966	0.0918183636727	0.103220644129
20000:25000		0.0398079615923	0.0446089217844	0.0618123624725	0.0434086817363	0.0418083616723	0.0662132426485	0.0584116823365	0.0728145629126	0.0478095619124	0.0574114822965	0.0434086817363	0.101620324065	0.0600120024005	0.0710142028406	0.0866173234647	0.103220644129
22500:27500		0.0422084416883	0.0432086417283	0.0526105221044	0.0536107221444	0.0418083616723	0.0642128425685	0.0524104820964	0.0718143628726	0.0462092418484	0.0516103220644	0.0490098019604	0.100420084017	0.0614122824565	0.0712142428486	0.0930186037207	0.105221044209
25000:30000		0.0370074014803	0.0392078415683	0.0506101220244	0.0550110022004	0.0346069213843	0.0608121624325	0.0572114422885	0.0752150430086	0.0484096819364	0.0578115623125	0.0676135227045	0.0992198439688	0.0618123624725	0.0702140428086	0.0976195239048	0.0876175235047
27500:32500		0.0434086817363	0.0384076815363	0.0586117223445	0.0600120024005	0.0318063612723	0.0512102420484	0.0568113622725	0.0704140828166	0.0578115623125	0.0602120424085	0.0724144828966	0.0938187637528	0.0672134426885	0.0604120824165	0.0964192838568	0.0810162032406
30000:35000		0.0546109221844	0.0390078015603	0.0598119623925	0.0620124024805	0.0324064812963	0.0420084016803	0.0540108021604	0.0704140828166	0.0562112422484	0.0566113222645	0.0698139627926	0.0952190438088	0.0724144828966	0.0612122424485	0.0940188037608	0.0802160432086
32500:37500		0.0524104820964	0.0390078015603	0.0626125225045	0.0558111622324	0.0320064012803	0.0478095619124	0.0560112022404	0.0684136827365	0.0518103620724	0.0576115223045	0.0706141228246	0.100420084017	0.0736147229446	0.0598119623925	0.0910182036407	0.0810162032406
35000:40000		0.0468093618724	0.0338067613523	0.0658131626325	0.0544108821764	0.0304060812162	0.0458091618324	0.0542108421684	0.0652130426085	0.0492098419684	0.0604120824165	0.0642128425685	0.109821964393	0.0742148429686	0.0556111222244	0.0994198839768	0.0906181236247
37500:42500		0.0494098819764	0.0350070014003	0.0604120824165	0.0556111222244	0.0338067613523	0.0470094018804	0.0564112822565	0.0678135627125	0.0488097619524	0.0610122024405	0.0588117623525	0.104820964193	0.0684136827365	0.0620124024805	0.0980196039208	0.0926185237047
40000:45000		0.0570114022805	0.0402080416083	0.0556111222244	0.0570114022805	0.0370074014803	0.0488097619524	0.0530106021204	0.0712142428486	0.0474094818964	0.0576115223045	0.0540108021604	0.0978195639128	0.0684136827365	0.0634126825365	0.0942188437688	0.0972194438888
42500:47500		0.0566113222645	0.0406081216243	0.0576115223045	0.0582116423285	0.0336067213443	0.0440088017604	0.0512102420484	0.0704140828166	0.0474094818964	0.0572114422885	0.0548109621924	0.101620324065	0.0754150830166	0.0574114822965	0.0976195239048	0.0962192438488
45000:50000		0.0434086817363	0.0390078015603	0.0650130026005	0.0562112422484	0.0332066413283	0.0420084016803	0.0524104820964	0.0690138027606	0.0504100820164	0.0590118023605	0.0578115623125	0.106021204241	0.0768153630726	0.0566113222645	0.0980196039208	0.0950190038008
47500:52500		0.0454090818164	0.0390078015603	0.0678135627125	0.0552110422084	0.0350070014003	0.0442088417684	0.0530106021204	0.0652130426085	0.0528105621124	0.0560112022404	0.0606121224245	0.105621124225	0.0744148829766	0.0580116023205	0.0936187237447	0.0940188037608
50000:55000		0.0546109221844	0.0380076015203	0.0634126825365	0.0592118423685	0.0348069613923	0.0492098419684	0.0540108021604	0.0640128025605	0.0538107621524	0.0538107621524	0.0592118423685	0.0992198439688	0.0718143628726	0.0610122024405	0.0896179235847	0.0942188437688
52500:57500		0.0514102820564	0.0352070414083	0.0600120024005	0.0620124024805	0.0370074014803	0.0486097219444	0.0512102420484	0.0712142428486	0.0484096819364	0.0556111222244	0.0570114022805	0.0958191638328	0.0718143628726	0.0686137227445	0.0884176835367	0.0976195239048
55000:60000		0.0480096019204	0.0396079215843	0.0552110422084	0.0588117623525	0.0386077215443	0.0476095219044	0.0462092418484	0.0814162832567	0.0420084016803	0.0520104020804	0.0534106821364	0.0978195639128	0.0730146029206	0.0748149629926	0.0904180836167	0.101020204041
57500:62500		0.0458091618324	0.0434086817363	0.0420084016803	0.0600120024005	0.0382076415283	0.0600120024005	0.0522104420884	0.0858171634327	0.0388077615523	0.0572114422885	0.0502100420084	0.0906181236247	0.0686137227445	0.0756151230246	0.0924184836967	0.0990198039608
60000:65000		0.0378075615123	0.0376075215043	0.0376075215043	0.0616123224645	0.0366073214643	0.0658131626325	0.0622124424885	0.0836167233447	0.0380076015203	0.0598119623925	0.0562112422484	0.0924184836967	0.0622124424885	0.0850170034007	0.0904180836167	0.0930186037207
62500:67500		0.0304060812162	0.0360072014403	0.0452090418084	0.0582116423285	0.0358071614323	0.0622124424885	0.0692138427686	0.0758151630326	0.0458091618324	0.0610122024405	0.0662132426485	0.0992198439688	0.0578115623125	0.0840168033607	0.0914182836567	0.0816163232647
65000:70000		0.0372074414883	0.0342068413683	0.0512102420484	0.0584116823365	0.0374074814963	0.0558111622324	0.0566113222645	0.0664132826565	0.0580116023205	0.0596119223845	0.0732146429286	0.0988197639528	0.0484096819364	0.0666133226645	0.108821764353	0.0892178435687
67500:72500		0.0422084416883	0.0338067613523	0.0502100420084	0.0562112422484	0.0380076015203	0.0470094018804	0.0472094418884	0.0670134026805	0.0628125625125	0.0544108821764	0.0770154030806	0.102420484097	0.0394078815763	0.0642128425685	0.122224444889	0.0958191638328
70000:75000		0.0417657943431	0.0314565159926	0.0552471583399	0.0573618821042	0.0396510705789	0.0375363468147	0.0465239228126	0.0650277557494	0.071371927042	0.0539254559873	0.0882897171557	0.102564102564	0.0327782183452	0.065820777161	0.126354744911	0.0843246100978
