AA	AT	AC	AG	TA	TT	TC	TG	CA	CT	CC	CG	GA	GT	GC	GG	
0:5000		0.0436087217443	0.0430086017203	0.0504100820164	0.0664132826565	0.0362072414483	0.0542108421684	0.0492098419684	0.0806161232246	0.0430086017203	0.0566113222645	0.0424084816963	0.0932186437287	0.0804160832166	0.0664132826565	0.0932186437287	0.101020204041
2500:7500		0.0444088817764	0.0428085617123	0.0536107221444	0.0646129225845	0.0372074414883	0.0556111222244	0.0514102820564	0.0774154830966	0.0468093618724	0.0594118823765	0.0440088017604	0.0940188037608	0.0770154030806	0.0638127625525	0.0952190438088	0.0926185237047
5000:10000		0.0466093218644	0.0432086417283	0.0578115623125	0.0540108021604	0.0386077215443	0.0644128825765	0.0528105621124	0.0760152030406	0.0414082816563	0.0628125625125	0.0478095619124	0.0936187237447	0.0750150030006	0.0616123224645	0.0870174034807	0.0972194438888
7500:12500		0.0478095619124	0.0456091218244	0.0530106021204	0.0546109221844	0.0368073614723	0.0604120824165	0.0518103620724	0.0796159231846	0.0424084816963	0.0618123624725	0.0420084016803	0.0936187237447	0.0742148429686	0.0608121624325	0.0930186037207	0.102420484097
10000:15000		0.0372074414883	0.0440088017604	0.0446089217844	0.0550110022004	0.0348069613923	0.0560112022404	0.0534106821364	0.0864172834567	0.0392078415683	0.0638127625525	0.0428085617123	0.0966193238648	0.0696139227846	0.0668133626725	0.101420284057	0.108221644329
12500:17500		0.0322064412883	0.0414082816563	0.0470094018804	0.0466093218644	0.0352070414083	0.0558111622324	0.0548109621924	0.0862172434487	0.0370074014803	0.0620124024805	0.0512102420484	0.102020404081	0.0628125625125	0.0730146029206	0.0990198039608	0.113622724545
15000:20000		0.0344068813763	0.0460092018404	0.0506101220244	0.0482096419284	0.0368073614723	0.0608121624325	0.0558111622324	0.0818163632727	0.0422084416883	0.0576115223045	0.0476095219044	0.0998199639928	0.0660132026405	0.0706141228246	0.0932186437287	0.108421684337
17500:22500		0.0356071214243	0.0470094018804	0.0586117223445	0.0478095619124	0.0416083216643	0.0664132826565	0.0570114022805	0.0762152430486	0.0468093618724	0.0582116423285	0.0384076815363	0.0974194838968	0.0650130026005	0.0696139227846	0.0868173634727	0.107421484297
20000:25000		0.0288057611522	0.0372074414883	0.0590118023605	0.0426085217043	0.0404080816163	0.0632126425285	0.0534106821364	0.0776155231046	0.0428085617123	0.0564112822565	0.0374074814963	0.110422084417	0.0556111222244	0.0778155631126	0.0972194438888	0.120024004801
22500:27500		0.0316063212643	0.0350070014003	0.0546109221844	0.0478095619124	0.0380076015203	0.0606121224245	0.0492098419684	0.0770154030806	0.0396079215843	0.0540108021604	0.0426085217043	0.111622324465	0.0600120024005	0.0752150430086	0.101420284057	0.121624324865
25000:30000		0.0404080816163	0.0400080016003	0.0540108021604	0.0554110822164	0.0392078415683	0.0590118023605	0.0496099219844	0.0744148829766	0.0448089617924	0.0546109221844	0.0504100820164	0.104220844169	0.0652130426085	0.0686137227445	0.100020004001	0.100020004001
27500:32500		0.0444088817764	0.0364072814563	0.0516103220644	0.0608121624325	0.0382076415283	0.0564112822565	0.0576115223045	0.0670134026805	0.0516103220644	0.0574114822965	0.0676135227045	0.100420084017	0.0590118023605	0.0690138027606	0.100220044009	0.0822164432887
30000:35000		0.0440088017604	0.0366073214643	0.0540108021604	0.0642128425685	0.0352070414083	0.0470094018804	0.0626125225045	0.0626125225045	0.0574114822965	0.0568113622725	0.0762152430486	0.0970194038808	0.0622124424885	0.0670134026805	0.0946189237848	0.0824164832967
32500:37500		0.0480096019204	0.0398079615923	0.0584116823365	0.0596119223845	0.0342068413683	0.0454090818164	0.0554110822164	0.0708141628326	0.0560112022404	0.0552110422084	0.0676135227045	0.0944188837768	0.0674134826965	0.0654130826165	0.0920184036807	0.0902180436087
35000:40000		0.0544108821764	0.0366073214643	0.0606121224245	0.0580116023205	0.0368073614723	0.0486097219444	0.0524104820964	0.0670134026805	0.0506101220244	0.0600120024005	0.0620124024805	0.100220044009	0.0678135627125	0.0596119223845	0.0978195639128	0.0874174834967
37500:42500		0.0466093218644	0.0344068813763	0.0618123624725	0.0564112822565	0.0366073214643	0.0464092818564	0.0548109621924	0.0650130026005	0.0488097619524	0.0608121624325	0.0586117223445	0.111622324465	0.0672134426885	0.0614122824565	0.104620924185	0.0848169633927
40000:45000		0.0496099219844	0.0346069213843	0.0610122024405	0.0602120424085	0.0378075615123	0.0444088817764	0.0548109621924	0.0622124424885	0.0532106421284	0.0560112022404	0.0580116023205	0.107221444289	0.0646129225845	0.0644128825765	0.100620124025	0.0912182436487
42500:47500		0.0526105221044	0.0354070814163	0.0586117223445	0.0678135627125	0.0354070814163	0.0442088417684	0.0520104020804	0.0612122424485	0.0554110822164	0.0554110822164	0.0558111622324	0.100620124025	0.0712142428486	0.0578115623125	0.100620124025	0.0958191638328
45000:50000		0.0468093618724	0.0380076015203	0.0664132826565	0.0618123624725	0.0340068013603	0.0464092818564	0.0492098419684	0.0664132826565	0.0532106421284	0.0598119623925	0.0552110422084	0.102620524105	0.0790158031606	0.0520104020804	0.0998199639928	0.0892178435687
47500:52500		0.0374074814963	0.0384076815363	0.0690138027606	0.0542108421684	0.0348069613923	0.0450090018004	0.0522104420884	0.0690138027606	0.0500100020004	0.0582116423285	0.0548109621924	0.109621924385	0.0766153230646	0.0596119223845	0.0966193238648	0.0944188837768
50000:55000		0.0420084016803	0.0370074014803	0.0626125225045	0.0562112422484	0.0372074414883	0.0444088817764	0.0518103620724	0.0670134026805	0.0472094418884	0.0548109621924	0.0578115623125	0.107021404281	0.0714142828566	0.0644128825765	0.0944188837768	0.104620924185
52500:57500		0.0558111622324	0.0348069613923	0.0596119223845	0.0640128025605	0.0382076415283	0.0460092018404	0.0480096019204	0.0664132826565	0.0466093218644	0.0556111222244	0.0586117223445	0.0968193638728	0.0736147229446	0.0624124824965	0.0912182436487	0.102220444089
55000:60000		0.0516103220644	0.0350070014003	0.0572114422885	0.0630126025205	0.0346069213843	0.0456091218244	0.0484096819364	0.0764152830566	0.0486097219444	0.0598119623925	0.0508101620324	0.0926185237047	0.0722144428886	0.0644128825765	0.0954190838168	0.104220844169
57500:62500		0.0434086817363	0.0434086817363	0.0514102820564	0.0618123624725	0.0342068413683	0.0496099219844	0.0486097219444	0.0838167633527	0.0496099219844	0.0556111222244	0.0470094018804	0.0920184036807	0.0728145629126	0.0678135627125	0.0972194438888	0.101620324065
60000:65000		0.0408081616323	0.0436087217443	0.0472094418884	0.0668133626725	0.0378075615123	0.0560112022404	0.0528105621124	0.0810162032406	0.0486097219444	0.0538107621524	0.0508101620324	0.0890178035607	0.0710142028406	0.0742148429686	0.0914182836567	0.0950190038008
62500:67500		0.0346069213843	0.0382076415283	0.0420084016803	0.0682136427285	0.0398079615923	0.0622124424885	0.0624124824965	0.0752150430086	0.0488097619524	0.0574114822965	0.0594118823765	0.0876175235047	0.0600120024005	0.0818163632727	0.0894178835767	0.0928185637127
65000:70000		0.0338067613523	0.0388077615523	0.0486097219444	0.0616123224645	0.0386077215443	0.0608121624325	0.0680136027205	0.0716143228646	0.0560112022404	0.0572114422885	0.0644128825765	0.0930186037207	0.0544108821764	0.0820164032807	0.0898179635927	0.0812162432486
67500:72500		0.0384076815363	0.0372074414883	0.0600120024005	0.0516103220644	0.0400080016003	0.0550110022004	0.0610122024405	0.0702140428086	0.0564112822565	0.0576115223045	0.0656131226245	0.0994198839768	0.0524104820964	0.0766153230646	0.0924184836967	0.0860172034407
70000:75000		0.0400080016003	0.0322064412883	0.0602120424085	0.0514102820564	0.0422084416883	0.0536107221444	0.0588117623525	0.0688137627526	0.0576115223045	0.0582116423285	0.0680136027205	0.101820364073	0.0438087617524	0.0794158831766	0.0988197639528	0.0850170034007
72500:77500		0.0427055702918	0.0270557029178	0.073474801061	0.0631299734748	0.0419098143236	0.0429708222812	0.0535809018568	0.0586206896552	0.0867374005305	0.0538461538462	0.0716180371353	0.0970822281167	0.0350132625995	0.0732095490716	0.110875331565	0.0681697612732
