AA	AT	AC	AG	TA	TT	TC	TG	CA	CT	CC	CG	GA	GT	GC	GG	
0:5000		0.0536107221444	0.0348069613923	0.0594118823765	0.0688137627526	0.0352070414083	0.0482096419284	0.0504100820164	0.0640128025605	0.0486097219444	0.0616123224645	0.0500100020004	0.0984196839368	0.0790158031606	0.0532106421284	0.0990198039608	0.0956191238248
2500:7500		0.0528105621124	0.0350070014003	0.0628125625125	0.0632126425285	0.0402080416083	0.0508101620324	0.0530106021204	0.0620124024805	0.0504100820164	0.0648129625925	0.0476095219044	0.102820564113	0.0704140828166	0.0554110822164	0.102220444089	0.0864172834567
5000:10000		0.0476095219044	0.0354070814163	0.0654130826165	0.0558111622324	0.0426085217043	0.0604120824165	0.0534106821364	0.0624124824965	0.0470094018804	0.0652130426085	0.0530106021204	0.100620124025	0.0668133626725	0.0578115623125	0.0942188437688	0.0922184436887
7500:12500		0.0508101620324	0.0380076015203	0.0664132826565	0.0548109621924	0.0410082016403	0.0560112022404	0.0526105221044	0.0652130426085	0.0462092418484	0.0656131226245	0.0468093618724	0.0974194838968	0.0720144028806	0.0554110822164	0.0900180036007	0.101620324065
10000:15000		0.0450090018004	0.0384076815363	0.0590118023605	0.0508101620324	0.0386077215443	0.0548109621924	0.0594118823765	0.0670134026805	0.0448089617924	0.0694138827766	0.0474094818964	0.100020004001	0.0646129225845	0.0574114822965	0.0958191638328	0.107421484297
12500:17500		0.0374074814963	0.0360072014403	0.0588117623525	0.0452090418084	0.0378075615123	0.0534106821364	0.0622124424885	0.0640128025605	0.0436087217443	0.0676135227045	0.0566113222645	0.106621324265	0.0586117223445	0.0604120824165	0.0966193238648	0.115023004601
15000:20000		0.0448089617924	0.0410082016403	0.0584116823365	0.0492098419684	0.0380076015203	0.0556111222244	0.0580116023205	0.0674134826965	0.0440088017604	0.0660132026405	0.0558111622324	0.0998199639928	0.0664132826565	0.0564112822565	0.0934186837367	0.105621124225
17500:22500		0.0438087617524	0.0416083216643	0.0618123624725	0.0470094018804	0.0372074414883	0.0560112022404	0.0584116823365	0.0730146029206	0.0474094818964	0.0614122824565	0.0496099219844	0.0998199639928	0.0658131626325	0.0656131226245	0.0886177235447	0.102820564113
20000:25000		0.0422084416883	0.0398079615923	0.0680136027205	0.0398079615923	0.0402080416083	0.0520104020804	0.0596119223845	0.0650130026005	0.0492098419684	0.0588117623525	0.0456091218244	0.111822364473	0.0582116423285	0.0664132826565	0.0922184436887	0.111022204441
22500:27500		0.0434086817363	0.0432086417283	0.0606121224245	0.0436087217443	0.0438087617524	0.0542108421684	0.0592118423685	0.0644128825765	0.0462092418484	0.0632126425285	0.0474094818964	0.108421684337	0.0574114822965	0.0610122024405	0.0980196039208	0.105821164233
25000:30000		0.0422084416883	0.0408081616323	0.0544108821764	0.0568113622725	0.0404080816163	0.0544108821764	0.0572114422885	0.0666133226645	0.0486097219444	0.0578115623125	0.0620124024805	0.102820564113	0.0630126025205	0.0654130826165	0.0976195239048	0.0898179635927
27500:32500		0.0444088817764	0.0346069213843	0.0548109621924	0.0628125625125	0.0376075215043	0.0542108421684	0.0566113222645	0.0578115623125	0.0518103620724	0.0548109621924	0.0746149229846	0.106421284257	0.0628125625125	0.0628125625125	0.101620324065	0.0822164432887
30000:35000		0.0460092018404	0.0336067213443	0.0576115223045	0.0646129225845	0.0360072014403	0.0456091218244	0.0578115623125	0.0562112422484	0.0548109621924	0.0550110022004	0.0776155231046	0.106421284257	0.0652130426085	0.0614122824565	0.100820164033	0.0812162432486
32500:37500		0.0482096419284	0.0402080416083	0.0620124024805	0.0606121224245	0.0346069213843	0.0412082416483	0.0570114022805	0.0612122424485	0.0574114822965	0.0542108421684	0.0698139627926	0.102220444089	0.0708141628326	0.0582116423285	0.0948189637928	0.0874174834967
35000:40000		0.0496099219844	0.0358071614323	0.0644128825765	0.0578115623125	0.0354070814163	0.0432086417283	0.0566113222645	0.0610122024405	0.0528105621124	0.0618123624725	0.0602120424085	0.104820964193	0.0698139627926	0.0554110822164	0.0984196839368	0.0928185637127
37500:42500		0.0488097619524	0.0314062812563	0.0626125225045	0.0628125625125	0.0366073214643	0.0448089617924	0.0546109221844	0.0592118423685	0.0516103220644	0.0598119623925	0.0604120824165	0.107821564313	0.0686137227445	0.0594118823765	0.102020404081	0.0894178835767
40000:45000		0.0524104820964	0.0336067213443	0.0602120424085	0.0650130026005	0.0370074014803	0.0440088017604	0.0526105221044	0.0590118023605	0.0522104420884	0.0522104420884	0.0572114422885	0.106421284257	0.0696139227846	0.0628125625125	0.0980196039208	0.0976195239048
42500:47500		0.0540108021604	0.0322064412883	0.0616123224645	0.0590118023605	0.0332066413283	0.0394078815763	0.0508101620324	0.0656131226245	0.0486097219444	0.0576115223045	0.0582116423285	0.106421284257	0.0710142028406	0.0598119623925	0.100420084017	0.102020404081
45000:50000		0.0486097219444	0.0344068813763	0.0638127625525	0.0594118823765	0.0324064812963	0.0394078815763	0.0516103220644	0.0670134026805	0.0500100020004	0.0618123624725	0.0544108821764	0.105621124225	0.0752150430086	0.0548109621924	0.102020404081	0.0994198839768
47500:52500		0.0402080416083	0.0386077215443	0.0654130826165	0.0568113622725	0.0354070814163	0.0452090418084	0.0568113622725	0.0624124824965	0.0514102820564	0.0622124424885	0.0496099219844	0.109021804361	0.0740148029606	0.0538107621524	0.100420084017	0.0986197239448
50000:55000		0.0400080016003	0.0380076015203	0.0678135627125	0.0534106821364	0.0364072814563	0.0446089217844	0.0538107621524	0.0640128025605	0.0510102020404	0.0602120424085	0.0566113222645	0.108821764353	0.0718143628726	0.0560112022404	0.0984196839368	0.0990198039608
52500:57500		0.0474094818964	0.0334066813363	0.0688137627526	0.0604120824165	0.0374074814963	0.0428085617123	0.0498099619924	0.0608121624325	0.0528105621124	0.0566113222645	0.0606121224245	0.104020804161	0.0724144828966	0.0578115623125	0.0948189637928	0.100020004001
55000:60000		0.0472094418884	0.0360072014403	0.0644128825765	0.0594118823765	0.0370074014803	0.0462092418484	0.0518103620724	0.0628125625125	0.0526105221044	0.0584116823365	0.0546109221844	0.102420484097	0.0702140428086	0.0572114422885	0.0972194438888	0.102420484097
57500:62500		0.0494098819764	0.0434086817363	0.0564112822565	0.0594118823765	0.0376075215043	0.0496099219844	0.0508101620324	0.0718143628726	0.0508101620324	0.0604120824165	0.0476095219044	0.0964192838568	0.0706141228246	0.0564112822565	0.100420084017	0.0988197639528
60000:65000		0.0458091618324	0.0392078415683	0.0518103620724	0.0638127625525	0.0420084016803	0.0558111622324	0.0530106021204	0.0726145229046	0.0448089617924	0.0632126425285	0.0534106821364	0.0908181636327	0.0680136027205	0.0654130826165	0.0940188037608	0.0962192438488
62500:67500		0.0376075215043	0.0322064412883	0.0526105221044	0.0612122424485	0.0442088417684	0.0538107621524	0.0610122024405	0.0680136027205	0.0424084816963	0.0650130026005	0.0636127225445	0.0962192438488	0.0592118423685	0.0760152030406	0.0902180436087	0.0966193238648
65000:70000		0.0336067213443	0.0342068413683	0.0558111622324	0.0560112022404	0.0386077215443	0.0508101620324	0.0672134426885	0.0706141228246	0.0530106021204	0.0622124424885	0.0712142428486	0.100420084017	0.0542108421684	0.0800160032006	0.0926185237047	0.0794158831766
67500:72500		0.0402080416083	0.0334066813363	0.0582116423285	0.0668133626725	0.0394078815763	0.0448089617924	0.0510102020404	0.0630126025205	0.0664132826565	0.0532106421284	0.0694138827766	0.103620724145	0.0526105221044	0.0668133626725	0.114022804561	0.0770154030806
70000:75000		0.0472094418884	0.0298059611922	0.0608121624325	0.0714142828566	0.0400080016003	0.0400080016003	0.0424084816963	0.0540108021604	0.0730146029206	0.0470094018804	0.0698139627926	0.112222444489	0.0492098419684	0.0596119223845	0.129025805161	0.0744148829766
72500:77500		0.0436742744435	0.028740490279	0.0777683854607	0.0695970695971	0.0400112707805	0.03663003663	0.039729501268	0.0487461256692	0.0921386306002	0.0448013524937	0.0772048464356	0.110453648915	0.0436742744435	0.0549450549451	0.130177514793	0.061707523246
